6
3 3
0 1 1
1 0 1
1 1 0
11 4
0 1 0 1 0 0 1 0 1 0 0
1 0 1 0 0 1 0 1 0 0 0
0 1 0 0 1 0 1 0 0 1 0
1 0 0 0 1 1 0 0 0 1 0
0 0 1 1 0 0 0 1 1 0 0
0 1 0 1 0 0 0 0 0 0 1
1 0 1 0 0 0 0 0 0 0 1
0 1 0 0 1 0 0 0 0 0 1
1 0 0 0 1 0 0 0 0 0 1
0 0 1 1 0 0 0 0 0 0 1
0 0 0 0 0 1 1 1 1 1 0
10 3
0 1 0 0 1 0 1 0 0 0
1 0 1 0 0 0 0 1 0 0
0 1 0 1 0 0 0 0 1 0
0 0 1 0 1 0 0 0 0 1
1 0 0 1 0 1 0 0 0 0
0 0 0 0 1 0 0 1 1 0
1 0 0 0 0 0 0 0 1 1
0 1 0 0 0 1 0 0 0 1
0 0 1 0 0 1 0 1 0 0
0 0 0 1 0 0 1 1 0 0
4 3
0 0 1 0
0 0 1 1
1 1 0 1
0 1 1 0
11 4
0 1 0 1 0 0 1 0 1 0 0
1 0 1 0 0 1 0 1 0 0 0
0 1 0 0 1 0 1 0 0 1 0
1 0 0 0 1 1 0 0 0 1 0
0 0 1 1 0 0 0 1 1 0 0
0 1 0 1 0 0 0 0 0 0 1
1 0 1 0 0 0 0 0 0 0 1
0 1 0 0 1 0 0 0 0 0 1
1 0 0 0 1 0 0 0 0 0 1
0 0 1 1 0 0 0 0 0 0 1
0 0 0 0 0 1 1 1 1 1 0
23 5
0 1 0 1 0 0 1 0 1 0 0 0 1 0 1 0 0 1 0 1 0 0 0
1 0 1 0 0 1 0 1 0 0 0 1 0 1 0 0 1 0 1 0 0 0 0
0 1 0 0 1 0 1 0 0 1 0 0 1 0 0 1 0 1 0 0 1 0 0
1 0 0 0 1 1 0 0 0 1 0 1 0 0 0 1 1 0 0 0 1 0 0
0 0 1 1 0 0 0 1 1 0 0 0 0 1 1 0 0 0 1 1 0 0 0
0 1 0 1 0 0 0 0 0 0 1 0 1 0 1 0 0 0 0 0 0 1 0
1 0 1 0 0 0 0 0 0 0 1 1 0 1 0 0 0 0 0 0 0 1 0
0 1 0 0 1 0 0 0 0 0 1 0 1 0 0 1 0 0 0 0 0 1 0
1 0 0 0 1 0 0 0 0 0 1 1 0 0 0 1 0 0 0 0 0 1 0
0 0 1 1 0 0 0 0 0 0 1 0 0 1 1 0 0 0 0 0 0 1 0
0 0 0 0 0 1 1 1 1 1 0 0 0 0 0 0 1 1 1 1 1 0 0
0 1 0 1 0 0 1 0 1 0 0 0 0 0 0 0 0 0 0 0 0 0 1
1 0 1 0 0 1 0 1 0 0 0 0 0 0 0 0 0 0 0 0 0 0 1
0 1 0 0 1 0 1 0 0 1 0 0 0 0 0 0 0 0 0 0 0 0 1
1 0 0 0 1 1 0 0 0 1 0 0 0 0 0 0 0 0 0 0 0 0 1
0 0 1 1 0 0 0 1 1 0 0 0 0 0 0 0 0 0 0 0 0 0 1
0 1 0 1 0 0 0 0 0 0 1 0 0 0 0 0 0 0 0 0 0 0 1
1 0 1 0 0 0 0 0 0 0 1 0 0 0 0 0 0 0 0 0 0 0 1
0 1 0 0 1 0 0 0 0 0 1 0 0 0 0 0 0 0 0 0 0 0 1
1 0 0 0 1 0 0 0 0 0 1 0 0 0 0 0 0 0 0 0 0 0 1
0 0 1 1 0 0 0 0 0 0 1 0 0 0 0 0 0 0 0 0 0 0 1
0 0 0 0 0 1 1 1 1 1 0 0 0 0 0 0 0 0 0 0 0 0 1
0 0 0 0 0 0 0 0 0 0 0 1 1 1 1 1 1 1 1 1 1 1 0
