//test1
3 3
0 1 1
1 0 1
1 1 0


//test2
11 4
0 1 0 1 0 0 1 0 1 0 0
1 0 1 0 0 1 0 1 0 0 0
0 1 0 0 1 0 1 0 0 1 0
1 0 0 0 1 1 0 0 0 1 0
0 0 1 1 0 0 0 1 1 0 0
0 1 0 1 0 0 0 0 0 0 1
1 0 1 0 0 0 0 0 0 0 1
0 1 0 0 1 0 0 0 0 0 1
1 0 0 0 1 0 0 0 0 0 1
0 0 1 1 0 0 0 0 0 0 1
0 0 0 0 0 1 1 1 1 1 0

//test3-peterson's graph
10 3
0 0 1 1 0 1 0 0 0 0
0 0 0 1 1 0 1 0 0 0
1 0 0 0 1 0 0 1 0 0
1 1 0 0 0 0 0 0 1 0
0 1 1 0 0 0 0 0 0 1
1 0 0 0 0 0 1 0 0 1
0 1 0 0 0 1 0 1 0 0
0 0 1 0 0 0 1 0 1 0
0 0 0 1 0 0 0 1 0 1
0 0 0 0 1 1 0 0 1 0


//test4
4 3
0 0 1 0
0 0 1 1
1 1 0 1
0 1 1 0



//test5 from http://mat.gsia.cmu.edu/COLOR/instances/myciel3.col
11 4
0 1 0 1 0 0 1 0 1 0 0
1 0 1 0 0 1 0 1 0 0 0
0 1 0 0 1 0 1 0 0 1 0
1 0 0 0 1 1 0 0 0 1 0
0 0 1 1 0 0 0 1 1 0 0
0 1 0 1 0 0 0 0 0 0 1
1 0 1 0 0 0 0 0 0 0 1
0 1 0 0 1 0 0 0 0 0 1
1 0 0 0 1 0 0 0 0 0 1
0 0 1 1 0 0 0 0 0 0 1
0 0 0 0 0 1 1 1 1 1 0

//test6 from http://mat.gsia.cmu.edu/COLOR/instances/myciel4.col
23 5
0 1 0 1 0 0 1 0 1 0 0 0 1 0 1 0 0 1 0 1 0 0 0
1 0 1 0 0 1 0 1 0 0 0 1 0 1 0 0 1 0 1 0 0 0 0
0 1 0 0 1 0 1 0 0 1 0 0 1 0 0 1 0 1 0 0 1 0 0
1 0 0 0 1 1 0 0 0 1 0 1 0 0 0 1 1 0 0 0 1 0 0
0 0 1 1 0 0 0 1 1 0 0 0 0 1 1 0 0 0 1 1 0 0 0
0 1 0 1 0 0 0 0 0 0 1 0 1 0 1 0 0 0 0 0 0 1 0
1 0 1 0 0 0 0 0 0 0 1 1 0 1 0 0 0 0 0 0 0 1 0
0 1 0 0 1 0 0 0 0 0 1 0 1 0 0 1 0 0 0 0 0 1 0
1 0 0 0 1 0 0 0 0 0 1 1 0 0 0 1 0 0 0 0 0 1 0
0 0 1 1 0 0 0 0 0 0 1 0 0 1 1 0 0 0 0 0 0 1 0
0 0 0 0 0 1 1 1 1 1 0 0 0 0 0 0 1 1 1 1 1 0 0
0 1 0 1 0 0 1 0 1 0 0 0 0 0 0 0 0 0 0 0 0 0 1
1 0 1 0 0 1 0 1 0 0 0 0 0 0 0 0 0 0 0 0 0 0 1
0 1 0 0 1 0 1 0 0 1 0 0 0 0 0 0 0 0 0 0 0 0 1
1 0 0 0 1 1 0 0 0 1 0 0 0 0 0 0 0 0 0 0 0 0 1
0 0 1 1 0 0 0 1 1 0 0 0 0 0 0 0 0 0 0 0 0 0 1
0 1 0 1 0 0 0 0 0 0 1 0 0 0 0 0 0 0 0 0 0 0 1
1 0 1 0 0 0 0 0 0 0 1 0 0 0 0 0 0 0 0 0 0 0 1
0 1 0 0 1 0 0 0 0 0 1 0 0 0 0 0 0 0 0 0 0 0 1
1 0 0 0 1 0 0 0 0 0 1 0 0 0 0 0 0 0 0 0 0 0 1
0 0 1 1 0 0 0 0 0 0 1 0 0 0 0 0 0 0 0 0 0 0 1
0 0 0 0 0 1 1 1 1 1 0 0 0 0 0 0 0 0 0 0 0 0 1
0 0 0 0 0 0 0 0 0 0 0 1 1 1 1 1 1 1 1 1 1 1 0
